129032
196619
135182
122908
77854
135202
165923
180263
176171
122926
92222
133183
118854
135240
159817
165963
151629
163921
141402
206939
157793
174181
184423
157801
4207
118908
213119
170127
143506
149650
182433
112807
108727
100538
121035
127180
188625
2258
151763
162006
96471
69849
96473
274651
86237
2270
123107
96486
194797
116975
135430
96518
96520
30991
184593
121111
121119
170273
31026
168244
92475
147775
155968
174403
256323
121159
205128
153939
182613
43351
143709
119139
158092
229773
158094
174485
123288
186777
194973
127390
164260
141735
57772
108977
172471
182723
176585
172497
170451
86487
4568
31193
152031
172511
141816
188931
188933
176653
90647
164387
70186
27180
105011
160317
229951
53827
148048
146002
604
139879
172661
143990
53883
174719
107137
137859
176777
131724
195217
176795
64167
137904
160432
144050
172723
84663
721
170705
240340
166613
730
152284
156383
170727
174829
176883
176887
170745
49917
770
228099
168716
119565
31502
119567
791
105250
2851
142115
252710
158510
174905
136000
158538
176997
172909
93040
172913
199538
172915
68482
107400
164749
185231
166800
146329
170915
177071
179135
164803
93126
195529
5069
168910
95185
181217
66544
183287
162808
27647
171011
150534
125958
158731
189481
189483
162864
126020
58437
27724
72781
1107
152660
173143
126042
27751
203881
1142
156791
203898
158846
158848
150657
267394
167052
48268
203922
171155
158870
140441
126106
183461
70828
115895
140481
148675
165069
163026
183507
115937
179437
115969
165123
163076
115977
146702
116002
1316
93490
38198
195899
154941
128320
109889
226650
71007
95604
66934
79222
77177
132492
1421
122260
1434
140709
116136
122282
132524
99764
122292
136630
239040
140737
79299
224711
130514
101850
7646
173535
126430
155109
95717
171495
122347
91632
91634
7669
62972
251388
192001
196097
77328
77330
165395
108056
116261
77359
185927
269898
175693
175695
1630
157278
32352
42591
149090
106082
5738
210539
118392
69241
104072
167570
73370
202399
7842
120486
147124
184003
1738
100044
100046
239316
100058
104155
171749
1774
151279
1789
26379
177951
93988
190253
200496
173873
147250
169782
157498
151357
100157
96075
65359
32600
94041
147290
128862
139130
147328
89985
147330
147332
69524
55207
147370
92079
169906
139195
165825
184257
200646
77770
176075
169932
126929
4051
174035
26587
210909
61406
163809
169954
169960
131050
51185
